A: [ 0.774823 0.908825 0.904556 0.242978 0.280711 ]
[ 0.908825 0.900903 0.345731 -0.917653 0.683148 ]
[ 0.904556 0.345731 0.633109 0.565023 0.470535 ]
[ 0.242978 -0.917653 0.565023 -0.0452246 0.732405 ]
[ 0.280711 0.683148 0.470535 0.732405 -0.368952 ]

w: (-1.54488, -0.350124, -0.055524, 1.36548, 2.4797)
V: [ 0.160159 0.514614 0.577834 0.0717553 0.608671 ]
[ -0.46762 -0.0415115 -0.34068 -0.598884 0.552163 ]
[ 0.0383042 -0.756856 0.0951198 0.420202 0.489984 ]
[ -0.622347 0.333441 -0.259355 0.65702 0.0506029 ]
[ 0.605721 0.222339 -0.688282 0.167167 0.286341 ]

V**T*V: [ 1 2.22045e-16 -2.22045e-16 -1.52656e-16 0 ]
[ 2.22045e-16 1 2.77556e-17 3.1225e-16 2.22045e-16 ]
[ -2.22045e-16 2.77556e-17 1 -1.80411e-16 0 ]
[ -1.52656e-16 3.1225e-16 -1.80411e-16 1 -9.71445e-17 ]
[ 0 2.22045e-16 0 -9.71445e-17 1 ]

V*V**T: [ 1 0 -2.77556e-16 9.02056e-17 3.05311e-16 ]
[ 0 1 5.55112e-17 -1.31839e-16 -3.60822e-16 ]
[ -2.77556e-16 5.55112e-17 1 1.42247e-16 -8.32667e-17 ]
[ 9.02056e-17 -1.31839e-16 1.42247e-16 1 -1.94289e-16 ]
[ 3.05311e-16 -3.60822e-16 -8.32667e-17 -1.94289e-16 1 ]

D: [ -1.54488 1.20747e-09 -6.31717e-14 7.49401e-16 3.88578e-16 ]
[ 1.20747e-09 -0.350124 -1.21708e-14 -1.66533e-16 1.70003e-16 ]
[ -6.32307e-14 -1.21847e-14 -0.055524 -1.75207e-16 7.45155e-12 ]
[ 7.49401e-16 -1.94289e-16 -1.66533e-16 1.36548 -1.13853e-13 ]
[ 3.88578e-16 8.32667e-17 7.45171e-12 -1.13798e-13 2.4797 ]

A_test: [ 0.774823 0.908825 0.904556 0.242978 0.280711 ]
[ 0.908825 0.900903 0.345731 -0.917653 0.683148 ]
[ 0.904556 0.345731 0.633109 0.565023 0.470535 ]
[ 0.242978 -0.917653 0.565023 -0.0452246 0.732405 ]
[ 0.280711 0.683148 0.470535 0.732405 -0.368952 ]

