c: (4.95866, -0.170624)
S: [ 0.0012533 -0.000197055 ]
[ -0.000197055 5.12172e-05 ]

dc: (0.0354019, 0.00715662)
t_half=4.06242 +- 0.170394days
