A: [ 0.887412 0.672866 0.477388 0.474524 ]
[ 0.954412 0.0411733 0.866202 0.272051 ]
[ 0.952278 0.841574 0.315524 0.268399 ]
[ 0.621489 0.816554 0.906534 0.987114 ]
[ 0.640356 0.782511 0.00137097 0.929716 ]
[ 0.950452 0.735267 0.57549 0.184923 ]

R: [ 2.07482 1.5159 1.28304 1.11861 ]
[ 0 0.827316 -0.19108 0.640845 ]
[ 0 0 0.740313 0.319662 ]
[ 0 0 0 0.692838 ]

QT*Q: [ 1 -4.12864e-16 -3.9877e-16 2.498e-16 ]
[ -4.12864e-16 1 -1.97867e-18 -1.73472e-16 ]
[ -3.9877e-16 -1.97867e-18 1 1.77809e-17 ]
[ 2.498e-16 -1.73472e-16 1.77809e-17 1 ]

Q*R: [ 0.887412 0.672866 0.477388 0.474524 ]
[ 0.954412 0.0411733 0.866202 0.272051 ]
[ 0.952278 0.841574 0.315524 0.268399 ]
[ 0.621489 0.816554 0.906534 0.987114 ]
[ 0.640356 0.782511 0.00137097 0.929716 ]
[ 0.950452 0.735267 0.57549 0.184923 ]

B: [ 0.453444 0.31946 0.747132 0.764972 0.796566 ]
[ 0.447343 0.575938 0.44131 0.199278 0.71551 ]
[ 0.252974 0.808036 0.0890517 0.0490421 0.295335 ]
[ 0.874197 0.241485 0.383349 0.674042 0.328822 ]
[ 0.288862 0.834912 0.418054 0.0198203 0.268134 ]

c: (0.136555, 0.371955, 0.0157418, 0.344727, 0.96362)
x: (1.00985, -0.0453243, 2.53098, -1.64715, -1.17734)
B*x: (0.136555, 0.371955, 0.0157418, 0.344727, 0.96362)
det(B): 0.0528708
Inverse: [ -1.61221 1.48861 -1.06333 1.46119 0.196483 ]
[ 0.346526 -1.068 1.54709 -0.200749 0.362648 ]
[ 0.308476 -0.12376 -2.81272 -0.189551 2.74435 ]
[ 1.76886 -2.50197 2.15405 0.090295 -1.06174 ]
[ 0.0461272 2.09975 0.554395 -0.660196 -1.81169 ]

B*B**(-1): [ 1 0 -3.88578e-16 -3.33067e-16 -2.22045e-16 ]
[ 2.01228e-16 1 0 2.77556e-16 2.22045e-16 ]
[ 5.55112e-17 0 1 -3.05311e-16 1.11022e-16 ]
[ -1.11022e-16 -1.11022e-16 -3.60822e-16 1 2.22045e-16 ]
[ -1.82146e-16 1.11022e-16 1.94289e-16 0 1 ]

